1.0000 1.8868 0.1809 13.0000 0.0238 2.2528 0.3348 
2.0000 1.9048 0.1482 10.0000 0.0238 2.2162 0.1708 
3.0000 2.5210 0.1440 12.0000 0.0167 1.8411 0.3123 
4.0000 1.4337 0.0881 8.0000 0.0171 1.9019 0.3282 
5.0000 1.6077 0.0947 9.0000 0.0166 1.7778 0.3224 
6.0000 1.7291 0.1259 10.0000 0.0165 1.8196 0.3268 
7.0000 1.8135 0.0936 9.0000 0.0141 1.8605 0.3274 
8.0000 1.3356 0.0429 5.0000 0.0176 2.1247 0.3075 
9.0000 1.0778 0.0532 5.0000 0.0117 2.4729 0.3305 
10.0000 1.1494 0.0715 8.0000 0.0141 2.4337 0.3222 
11.0000 1.0848 0.0883 8.0000 0.0167 2.1723 0.2830 
12.0000 1.0573 0.0451 8.0000 0.0126 2.3162 0.3173 
13.0000 1.1083 0.0868 8.0000 0.0164 2.3091 0.3231 
14.0000 1.1715 0.1159 10.0000 0.0162 1.9143 0.3249 
15.0000 1.1700 0.0462 7.0000 0.0156 2.8124 0.3187 
16.0000 1.0870 0.0833 8.0000 0.0156 2.7131 0.3423 
17.0000 1.0487 0.1582 11.0000 0.0202 2.3980 0.3515 
18.0000 1.0766 0.1190 10.0000 0.0170 2.4822 0.3380 
19.0000 1.1085 0.0927 9.0000 0.0138 2.5138 0.3697 
20.0000 1.1396 0.0811 9.0000 0.0113 2.5138 0.3804 
21.0000 1.1602 0.0990 9.0000 0.0165 2.3142 0.3556 
22.0000 1.1853 0.0736 8.0000 0.0155 2.4123 0.3686 
23.0000 1.0300 0.1496 11.0000 0.0196 2.1506 0.3578 
24.0000 1.0318 0.0978 9.0000 0.0177 2.4273 0.3586 
25.0000 1.0509 0.1320 10.0000 0.0215 2.3814 0.3505 
26.0000 1.0656 0.1031 9.0000 0.0178 2.2605 0.3509 
27.0000 1.0958 0.1067 9.0000 0.0185 2.3356 0.3351 
28.0000 1.1187 0.0684 6.0000 0.0182 2.1672 0.3507 
29.0000 1.1476 0.0998 9.0000 0.0169 2.1684 0.3392 
30.0000 1.1746 0.1121 9.0000 0.0163 2.3242 0.3104 
31.0000 1.1418 0.1860 12.0000 0.0220 2.7094 0.3488 
32.0000 1.1645 0.0903 9.0000 0.0145 2.3162 0.3476 
33.0000 1.1526 0.1145 9.0000 0.0201 2.3167 0.3484 
34.0000 1.1166 0.0677 7.0000 0.0159 2.3162 0.3318 
35.0000 1.1111 0.0451 6.0000 0.0138 2.3351 0.3256 
36.0000 1.1163 0.0586 7.0000 0.0140 2.2704 0.3389 
37.0000 1.1192 0.0775 8.0000 0.0156 2.2453 0.3374 
38.0000 1.1364 0.0548 8.0000 0.0148 2.2988 0.3407 
39.0000 1.1538 0.0274 5.0000 0.0150 2.6198 0.3326 
40.0000 1.1373 0.1645 12.0000 0.0213 2.3472 0.3602 
41.0000 1.1221 0.1791 12.0000 0.0241 2.4093 0.3424 
42.0000 1.1194 0.1732 12.0000 0.0211 2.2369 0.3428 
43.0000 1.1286 0.1181 11.0000 0.0149 2.1284 0.2694 
44.0000 1.1064 0.0753 9.0000 0.0129 2.5214 0.2645 
45.0000 1.1078 0.0745 9.0000 0.0139 2.4070 0.2854 
46.0000 1.0880 0.1081 10.0000 0.0170 2.2254 0.2967 
49.0000 1.1319 0.2638 19.0000 0.0256 2.1378 0.3305 
49.0000 1.1319 0.2000 18.0000 0.0160 2.1378 0.3305 
49.0000 1.1319 0.1558 12.0000 0.0207 2.1378 0.3305 
50.0000 1.1421 0.1953 12.0000 0.0277 2.4613 0.3433 
51.0000 1.1343 0.0528 8.0000 0.0143 2.2804 0.3542 
52.0000 1.1474 0.0895 9.0000 0.0162 2.3053 0.3473 
53.0000 1.1514 0.0987 9.0000 0.0153 2.2605 0.3400 
54.0000 1.1656 0.0213 5.0000 0.0085 2.3351 0.3203 
55.0000 1.1690 0.0221 4.0000 0.0078 2.3625 0.3232 
56.0000 1.1814 0.0887 7.0000 0.0190 2.3814 0.3396 
57.0000 1.1930 0.0510 6.0000 0.0153 2.2804 0.3425 
58.0000 1.2026 0.1199 10.0000 0.0163 2.3814 0.3532 
59.0000 1.2058 0.0144 4.0000 0.0077 2.3827 0.3425 
60.0000 1.2065 0.0490 5.0000 0.0087 2.3509 0.3494 
61.0000 1.2193 0.0828 9.0000 0.0133 2.3057 0.3505 
62.0000 1.2309 0.0554 5.0000 0.0139 2.3943 0.3358 
63.0000 1.2092 0.1347 12.0000 0.0133 2.5030 0.3048 
64.0000 1.2177 0.1342 10.0000 0.0195 2.4851 0.3530 
65.0000 1.2184 0.1218 9.0000 0.0192 2.4725 0.3553 
66.0000 1.2288 0.1139 10.0000 0.0163 2.3947 0.3579 
67.0000 1.2394 0.0553 8.0000 0.0157 2.3053 0.3605 
68.0000 1.2525 0.0810 8.0000 0.0161 2.2961 0.3541 
69.0000 1.2649 0.1255 10.0000 0.0181 2.3242 0.3636 
70.0000 1.2771 0.1445 11.0000 0.0226 2.4729 0.3513 
71.0000 1.2902 0.1572 11.0000 0.0224 2.2804 0.3515
77.0000 1.3440 0.1333 11.0000 0.0173 2.3049 0.3496 
78.0000 1.3565 0.1232 10.0000 0.0173 2.3394 0.3474 
79.0000 1.3560 0.1667 12.0000 0.0225 2.0707 0.3647 
80.0000 1.3652 0.1286 11.0000 0.0172 0.9126 0.3356 
81.0000 1.3509 0.0248 4.0000 0.0073 1.2764 0.3323 
82.0000 1.3569 0.0365 5.0000 0.0133 1.2557 0.3456 
83.0000 1.3323 0.1894 13.0000 0.0227 0.9963 0.3566 
84.0000 1.3181 0.0267 5.0000 0.0143 1.0382 0.3518 
85.0000 1.3152 0.0465 5.0000 0.0144 2.2575 0.3441 
86.0000 1.3257 0.0598 8.0000 0.0158 2.2497 0.3477 
87.0000 1.3250 0.1505 16.0000 0.0069 2.4187 0.2076 
88.0000 1.3257 0.1273 10.0000 0.0194 2.3712 0.3290 
89.0000 1.3343 0.0842 10.0000 0.0094 2.2424 0.2290 
90.0000 1.3373 0.1173 9.0000 0.0176 2.1903 0.2777 
91.0000 1.3369 0.0392 7.0000 0.0116 2.1792 0.2750 
92.0000 1.3304 0.0626 8.0000 0.0137 2.3191 0.2889 
93.0000 1.3331 0.0830 9.0000 0.0153 2.2577 0.2752 
94.0000 1.3367 0.0390 8.0000 0.0103 2.4461 0.3022 
95.0000 1.3448 0.0975 10.0000 0.0144 2.3578 0.3072 
96.0000 1.3093 0.0778 8.0000 0.0156 2.3428 0.3177 
97.0000 1.3151 0.0371 7.0000 0.0119 2.2706 0.3039 
98.0000 1.3170 0.0590 8.0000 0.0121 2.1771 0.3011 
99.0000 1.3255 0.1069 10.0000 0.0136 2.2652 0.2797 
100.0000 1.3335 0.0803 8.0000 0.0163 2.3431 0.2834 
101.0000 1.3424 0.1234 11.0000 0.0150 2.3351 0.2979 
102.0000 1.3488 0.1093 10.0000 0.0152 2.5261 0.2969 
103.0000 1.3519 0.0585 8.0000 0.0132 2.5417 0.2884 
104.0000 1.3595 0.0800 9.0000 0.0127 2.0332 0.3056 
105.0000 1.3626 0.0586 8.0000 0.0130 1.0593 0.2980 
106.0000 1.3699 0.0547 8.0000 0.0122 1.0701 0.3094 
108.0000 1.3882 0.1066 12.0000 0.0122 1.0689 0.2979 
108.0000 1.3882 0.2078 12.0000 0.0252 1.0689 0.2979 
109.0000 1.3978 0.0825 9.0000 0.0135 1.0895 0.2930 
110.0000 1.3637 0.0819 8.0000 0.0145 2.0391 0.2997 
111.0000 1.3702 0.0400 5.0000 0.0155 1.9413 0.2899 
112.0000 1.3705 0.0778 8.0000 0.0152 1.9874 0.2924 
113.0000 1.2371 0.0775 9.0000 0.0117 2.2794 0.3044 
114.0000 1.2339 0.0771 9.0000 0.0135 2.2794 0.3189 
115.0000 1.2328 0.0694 8.0000 0.0118 2.5146 0.3283 
116.0000 1.2011 0.0762 7.0000 0.0155 2.4255 0.3041 
117.0000 1.1854 0.1114 10.0000 0.0137 2.4524 0.3200 
119.0000 1.2009 0.0994 8.0000 0.0158 2.4176 0.1300 
119.0000 1.2009 0.2102 12.0000 0.0266 2.4176 0.1300 
120.0000 1.2093 0.1014 9.0000 0.0183 2.4176 0.3209 
121.0000 1.2145 0.1628 12.0000 0.0213 2.2704 0.3203 
122.0000 1.2213 0.1028 9.0000 0.0173 2.4881 0.3277 
123.0000 1.2269 0.1008 9.0000 0.0143 2.4181 0.3339 
124.0000 1.2289 0.0640 8.0000 0.0147 2.2634 0.3323 
125.0000 1.2156 0.1610 11.0000 0.0234 2.2704 0.3417 
126.0000 1.2215 0.1338 9.0000 0.0232 2.2634 0.3462 
127.0000 1.2246 0.2508 18.0000 0.0242 2.4044 0.3414 
128.0000 1.2273 0.1850 12.0000 0.0221 2.2186 0.3478 
129.0000 1.2326 0.0984 10.0000 0.0116 2.3554 0.3317 
130.0000 1.2315 0.1146 8.0000 0.0208 2.4743 0.3409 
131.0000 1.2372 0.1005 9.0000 0.0172 2.5257 0.3315 
132.0000 1.2420 0.0662 7.0000 0.0157 2.4069 0.3242 
133.0000 1.2489 0.1378 11.0000 0.0181 2.8712 0.2917 
136.0000 1.2677 0.0836 8.0000 0.0236 2.2523 0.3448 
136.0000 1.2677 0.2192 13.0000 0.0274 2.2523 0.3448 
136.0000 1.2677 0.2273 14.0000 0.0255 2.2523 0.3448 
137.0000 1.2741 0.1693 11.0000 0.0234 2.2186 0.3473 
138.0000 1.2791 0.1815 12.0000 0.0260 2.3707 0.3407 
139.0000 1.2832 0.1374 11.0000 0.0195 2.1733 0.3436 
140.0000 1.2888 0.1175 10.0000 0.0164 2.3091 0.3417 
141.0000 1.2853 0.0730 8.0000 0.0138 2.3575 0.3361 
142.0000 1.2913 0.1257 9.0000 0.0219 2.3544 0.3279 
143.0000 1.2985 0.1193 10.0000 0.0163 2.3091 0.3548 
144.0000 1.2981 0.1491 11.0000 0.0204 2.2652 0.3441 
145.0000 1.3023 0.1658 12.0000 0.0229 2.1729 0.3452 
146.0000 1.3053 0.1882 10.0000 0.0258 2.3104 0.3595 
148.0000 1.3125 0.1432 11.0000 0.0180 2.3802 0.3154 
148.0000 1.3125 0.2125 13.0000 0.0212 2.3802 0.3154 
149.0000 1.3077 0.1056 9.0000 0.0160 2.1302 0.3367 
150.0000 1.3102 0.0187 4.0000 0.0099 2.2559 0.3273 
151.0000 1.3145 0.0131 4.0000 0.0095 2.3248 0.3516 
152.0000 1.3120 0.0859 9.0000 0.0122 2.3127 0.3414 
153.0000 1.3182 0.1458 11.0000 0.0198 2.2255 0.3344 
154.0000 1.3234 0.1180 10.0000 0.0175 2.0399 0.3230 
155.0000 1.3292 0.0719 8.0000 0.0160 2.2638 0.3436 
156.0000 1.3346 0.1269 10.0000 0.0176 2.1954 0.3295 
157.0000 1.3402 0.0584 8.0000 0.0156 2.2847 0.3508 
158.0000 1.3380 0.1248 10.0000 0.0188 2.1637 0.3497 
159.0000 1.3384 0.0858 9.0000 0.0148 2.1932 0.3371 
160.0000 1.3365 0.0671 8.0000 0.0130 2.3394 0.3478 
161.0000 1.3403 0.0905 9.0000 0.0141 2.3118 0.3310 
162.0000 1.3288 0.1964 13.0000 0.0235 2.2473 0.3190 
164.0000 1.3372 0.1921 12.0000 0.0271 2.2940 0.3550 
164.0000 1.3372 0.2102 14.0000 0.0273 2.2940 0.3550 
165.0000 1.3421 0.0432 5.0000 0.0062 2.3233 0.3400 
166.0000 1.3465 0.0202 4.0000 0.0059 2.7824 0.3004 
167.0000 1.3521 0.0378 5.0000 0.0106 2.0287 0.2399 
168.0000 1.3579 0.0886 10.0000 0.0136 2.5779 0.2471 
169.0000 1.3596 0.0850 8.0000 0.0156 2.5232 0.2621 
170.0000 1.3559 0.0366 7.0000 0.0120 2.4440 0.2556 
171.0000 1.3502 0.0790 9.0000 0.0126 2.2647 0.3088 
172.0000 1.3552 0.0473 8.0000 0.0121 2.3431 0.2538 
173.0000 1.3588 0.2034 13.0000 0.0238 2.0880 0.3222 
175.0000 1.3612 0.2130 19.0000 0.0163 1.9966 0.4035 
175.0000 1.3612 0.1837 58.0000 0.0219 1.9966 0.4035 
176.0000 1.3655 0.0750 7.0000 0.0153 2.7854 0.3194 
177.0000 1.3674 0.0960 9.0000 0.0152 2.7759 0.3557 
178.0000 1.3674 0.0805 8.0000 0.0145 2.7228 0.3635 
179.0000 1.3631 0.1981 11.0000 0.0276 2.8681 0.3739 
180.0000 1.3686 0.1233 10.0000 0.0165 2.4961 0.3693 
181.0000 1.3727 0.1526 11.0000 0.0198 2.6643 0.3519 
182.0000 1.3695 0.1872 13.0000 0.0246 2.5531 0.3488 
183.0000 1.3610 0.0655 6.0000 0.0176 2.4254 0.3298 
184.0000 1.3609 0.1536 12.0000 0.0193 2.3922 0.3555 
185.0000 1.3637 0.1067 10.0000 0.0131 2.5094 0.3463 
186.0000 1.3661 0.1933 12.0000 0.0223 2.3773 0.3511 
187.0000 1.3553 0.0229 4.0000 0.0008 2.2699 0.3496 
188.0000 1.3438 0.1773 12.0000 0.0241 2.3356 0.3833 
189.0000 1.3486 0.1324 10.0000 0.0179 2.2255 0.3760 
190.0000 1.3507 0.0497 5.0000 0.0216 2.4713 0.3958 
191.0000 1.3535 0.1582 11.0000 0.0222 2.4613 0.3830 
192.0000 1.3124 0.2166 13.0000 0.0265 2.3057 0.3810 
193.0000 1.3157 0.1191 10.0000 0.0176 2.3615 0.3647 
194.0000 1.3085 0.0645 6.0000 0.0127 2.4946 0.3546 
195.0000 1.2916 0.0175 4.0000 0.0041 2.4096 0.3468 
196.0000 1.2826 0.1194 10.0000 0.0168 1.7314 0.3511 
197.0000 1.2845 0.0886 9.0000 0.0138 2.0588 0.3589 
198.0000 1.2740 0.1748 12.0000 0.0225 2.0592 0.3614 
199.0000 1.2760 0.0957 9.0000 0.0171 2.3394 0.3543 
200.0000 1.2370 0.1682 11.0000 0.0237 2.4946 0.3245 
201.0000 1.2303 0.0453 5.0000 0.0166 2.1088 0.3660 
202.0000 1.2331 0.0455 5.0000 0.0086 2.0988 0.3090 
203.0000 1.2380 0.1711 11.0000 0.0246 2.2907 0.3487 
204.0000 1.2413 0.0172 4.0000 0.0114 2.1140 0.3720 
205.0000 1.2418 0.0958 9.0000 0.0147 2.1813 0.3684 
206.0000 1.2469 0.0238 4.0000 0.0102 2.2243 0.3614 
207.0000 1.2419 0.1331 10.0000 0.0198 2.4129 0.3668 
208.0000 1.2453 0.1219 9.0000 0.0217 2.4763 0.3787 
209.0000 1.2491 0.1352 10.0000 0.0216 2.5523 0.3762 
210.0000 1.2453 0.1325 9.0000 0.0234 1.8374 0.3667 
211.0000 1.2470 0.1864 12.0000 0.0249 1.7002 0.3601 
212.0000 1.2511 0.0403 5.0000 0.0153 1.8737 0.3716 
213.0000 1.2539 0.1185 10.0000 0.0175 1.7967 0.3726 
214.0000 1.2572 0.1051 9.0000 0.0167 1.9138 0.3604 
215.0000 1.2598 0.0892 9.0000 0.0145 1.9548 0.3612 
216.0000 1.2635 0.0721 8.0000 0.0178 1.8891 0.3744 
217.0000 1.2588 0.0923 10.0000 0.0117 2.0604 0.3335 
218.0000 1.2606 0.0661 8.0000 0.0162 2.3044 0.3471 
219.0000 1.2514 0.1465 11.0000 0.0187 2.2069 0.3608 
220.0000 1.2472 0.1295 11.0000 0.0146 2.2910 0.3120 
221.0000 1.2298 0.1358 10.0000 0.0219 1.8867 0.2483 
222.0000 1.2345 0.1339 11.0000 0.0194 1.8852 0.3561 