
1.0000 1.1494 0.1380 9.0000 0.0217 2.8956 0.2795 
2.0000 0.8475 0.0758 8.0000 0.0127 3.1530 0.2944 
3.0000 0.5338 0.1408 21.0000 0.0167 2.0308 0.2771 
4.0000 0.5882 0.2385 24.0000 0.0162 3.4358 0.2108 
5.0000 0.7184 0.1245 11.0000 0.0165 3.8382 0.2882 
6.0000 0.8242 0.1176 10.0000 0.0180 3.2542 0.3148 
7.0000 0.9198 0.0587 5.0000 0.0137 2.7463 0.2735 
8.0000 1.0178 0.1363 11.0000 0.0162 3.1550 0.3115 
11.0000 1.3064 0.1308 12.0000 0.0143 2.7227 0.2993 
11.0000 1.3064 0.1402 13.0000 0.0186 2.7227 0.2993 
11.0000 1.3064 0.1909 18.0000 0.0158 2.7227 0.2993 
12.0000 1.3559 0.1309 10.0000 0.0172 3.0157 0.3111 
13.0000 1.3934 0.1532 12.0000 0.0158 2.7307 0.2733 
14.0000 1.4403 0.2019 15.0000 0.0184 2.8543 0.2785 
15.0000 1.4735 0.1883 15.0000 0.0174 2.7377 0.2651 
18.0000 1.5817 0.2091 28.0000 0.0158 2.9396 0.1843 
18.0000 1.5817 0.1573 11.0000 0.0224 2.9396 0.1843 
18.0000 1.5817 0.1554 14.0000 0.0178 2.9396 0.1843 
19.0000 1.6493 0.0751 8.0000 0.0172 3.2059 0.2632 
20.0000 1.6681 0.1137 10.0000 0.0146 2.9140 0.2676 
21.0000 1.7157 0.1362 11.0000 0.0171 2.8636 0.2939 
22.0000 1.7391 0.1956 13.0000 0.0245 3.1948 0.2997 
23.0000 1.7517 0.1641 12.0000 0.0198 3.5872 0.3162 
24.0000 1.7870 0.0736 8.0000 0.0124 3.3942 0.2895 
25.0000 1.8051 0.0241 5.0000 0.0024 3.1948 0.2441 
26.0000 1.8207 0.1533 12.0000 0.0215 2.8636 0.2668 
27.0000 1.7352 0.1681 13.0000 0.0202 3.1948 0.2921 
28.0000 1.7136 0.1172 11.0000 0.0165 3.1940 0.3094 
29.0000 1.6638 0.0838 8.0000 0.0074 3.1679 0.2460 
30.0000 1.7045 0.0219 6.0000 0.0115 3.3593 0.1768 
31.0000 1.7455 0.0581 10.0000 0.0100 3.3477 0.2506 
32.0000 1.6598 0.0857 8.0000 0.0329 3.3879 0.2902 
33.0000 1.6625 0.0193 4.0000 0.0045 2.6769 0.2754 
34.0000 1.5413 0.1526 15.0000 0.0122 2.3704 0.2615 
35.0000 1.3709 0.1223 10.0000 0.0151 3.0935 0.2881 
36.0000 1.3580 0.1133 11.0000 0.0183 2.8771 0.3273 
37.0000 1.3729 0.0838 9.0000 0.0126 2.7970 0.3089 
38.0000 1.2777 0.1616 12.0000 0.0226 2.7786 0.3207 
39.0000 1.1317 0.0714 9.0000 0.0134 2.5643 0.3123 
40.0000 1.1488 0.2100 16.0000 0.0202 3.0664 0.2974 
42.0000 1.1942 0.1593 10.0000 0.0245 4.8380 0.3106 
42.0000 1.1942 0.1274 14.0000 0.0145 4.8380 0.3106 
43.0000 1.2120 0.1886 11.0000 0.0248 4.7260 0.0865 
44.0000 1.2346 0.1625 14.0000 0.0149 5.3413 0.2331 
46.0000 1.2662 0.1803 24.0000 0.0103 4.8739 0.2128 
46.0000 1.2662 0.1634 13.0000 0.0158 4.8739 0.2128 
47.0000 1.2192 0.1293 10.0000 0.0202 3.0089 0.3142 
48.0000 1.2130 0.0839 12.0000 0.0107 2.8543 0.2064 
49.0000 1.2333 0.1526 11.0000 0.0181 2.8579 0.3184 
50.0000 1.2395 0.0773 8.0000 0.0141 2.9506 0.3045 
51.0000 1.2543 0.1130 9.0000 0.0180 2.9428 0.3123 
52.0000 1.2698 0.1074 10.0000 0.0144 2.2313 0.3122 
53.0000 1.2753 0.1149 9.0000 0.0196 2.9576 0.2976 
54.0000 1.2872 0.1624 12.0000 0.0196 2.5055 0.3154 
55.0000 1.2149 0.1348 11.0000 0.0184 2.2052 0.2821 
56.0000 1.1834 0.1194 10.0000 0.0148 2.2052 0.3040 
57.0000 1.1882 0.1069 9.0000 0.0178 2.5992 0.1650 
58.0000 1.2053 0.1174 10.0000 0.0181 2.2774 0.2333 
59.0000 1.2220 0.1388 11.0000 0.0185 2.2692 0.1462 
60.0000 1.2389 0.1263 10.0000 0.0190 2.5385 0.2715 
61.0000 1.2210 0.0758 9.0000 0.0133 2.5490 0.2837 
62.0000 1.1976 0.1774 13.0000 0.0211 2.4877 0.2955 
63.0000 1.1547 0.1144 10.0000 0.0177 2.0623 0.2600 
64.0000 1.1634 0.0913 8.0000 0.0174 2.2335 0.2058 
65.0000 1.1784 0.0566 9.0000 0.0118 1.8403 0.3961 
66.0000 1.1811 0.0907 9.0000 0.0161 2.0043 0.2944 
67.0000 1.1178 0.0599 14.0000 0.0047 2.4440 0.1974 
68.0000 1.1314 0.0676 8.0000 0.0136 2.5906 0.1184 
70.0000 1.1587 0.0896 12.0000 0.0119 2.6546 0.1164 
70.0000 1.1587 0.1071 11.0000 0.0171 2.6546 0.1164 
72.0000 1.1860 0.1060 9.0000 0.0228 2.5873 0.3067 
72.0000 1.1860 0.1962 12.0000 0.0277 2.5873 0.3067 
73.0000 1.1882 0.0683 8.0000 0.0160 2.5933 0.3175 
74.0000 1.1863 0.2155 15.0000 0.0170 4.5011 0.2923 
75.0000 1.1835 0.1799 19.0000 0.0111 2.4485 0.2882 
76.0000 1.1827 0.0922 9.0000 0.0163 2.3159 0.1384 
77.0000 1.1957 0.1416 10.0000 0.0231 2.3984 0.3085 
78.0000 1.1763 0.1320 12.0000 0.0150 2.8085 0.2697 
79.0000 1.1719 0.1168 9.0000 0.0204 2.8748 0.3065 
80.0000 1.1813 0.1373 12.0000 0.0171 2.9506 0.3045 
81.0000 1.1896 0.1422 11.0000 0.0184 3.0690 0.3296 
82.0000 1.1967 0.0729 8.0000 0.0135 2.6601 0.3319 
83.0000 1.1936 0.1146 10.0000 0.0147 2.7307 0.2906 
84.0000 1.2009 0.1305 13.0000 0.0136 3.2769 0.2802 
85.0000 1.2119 0.0925 11.0000 0.0131 2.8498 0.2940 
86.0000 1.2197 0.1658 11.0000 0.0237 3.1128 0.2739 
87.0000 1.2262 0.1365 14.0000 0.0147 3.1128 0.3120 
88.0000 1.2239 0.1035 9.0000 0.0153 2.6480 0.1544 
89.0000 1.2354 0.0988 12.0000 0.0119 1.7983 0.2913 
90.0000 1.2293 0.1283 10.0000 0.0187 1.9121 0.3216 
91.0000 1.2347 0.1618 10.0000 0.0216 2.9483 0.3042 
92.0000 1.2404 0.0905 10.0000 0.0132 2.0857 0.3256 
93.0000 1.2269 0.1105 18.0000 0.0087 2.4298 0.3128 
94.0000 1.2321 0.0865 8.0000 0.0172 2.7116 0.3009 
95.0000 1.2307 0.1065 9.0000 0.0170 2.8589 0.2956 
96.0000 1.2222 0.0914 9.0000 0.0144 3.1901 0.3232 
97.0000 1.2292 0.1431 12.0000 0.0193 3.2653 0.3034 
98.0000 1.2346 0.1334 10.0000 0.0180 2.5848 0.2646 
99.0000 1.2182 0.0634 8.0000 0.0143 2.9241 0.3293 
100.0000 1.2237 0.1533 12.0000 0.0173 2.7586 0.2895 
101.0000 1.2247 0.0863 9.0000 0.0110 3.1247 0.3008 
102.0000 1.2270 0.1134 10.0000 0.0155 2.9241 0.3181 
103.0000 1.2326 0.0610 8.0000 0.0120 3.2100 0.3017 
104.0000 1.2344 0.1507 12.0000 0.0165 3.0019 0.2983 
105.0000 1.2341 0.1245 11.0000 0.0160 2.9262 0.2912 
106.0000 1.2291 0.0765 9.0000 0.0105 2.9172 0.2967 
107.0000 1.2177 0.0577 8.0000 0.0099 1.9347 0.2651 
109.0000 1.2341 0.1587 11.0000 0.0223 2.0281 0.3042 
109.0000 1.2341 0.1674 12.0000 0.0225 2.0281 0.3042 
110.0000 1.2422 0.1358 11.0000 0.0162 3.8370 0.2851 
111.0000 1.2496 0.1463 11.0000 0.0182 5.2738 0.3157 
112.0000 1.2579 0.1287 10.0000 0.0171 5.6112 0.3003 
113.0000 1.2557 0.0898 9.0000 0.0143 3.2653 0.3111 
114.0000 1.2629 0.1323 10.0000 0.0183 3.1128 0.3011 
115.0000 1.2678 0.1517 10.0000 0.0244 2.6880 0.3094 
116.0000 1.2536 0.1164 10.0000 0.0167 1.7975 0.3327 
117.0000 1.2531 0.1073 9.0000 0.0172 1.8081 0.3103 
118.0000 1.2561 0.0799 8.0000 0.0160 1.3868 0.3106 
119.0000 1.2618 0.1293 10.0000 0.0184 1.7553 0.1473 
120.0000 1.2702 0.1594 12.0000 0.0194 2.1693 0.3210 
121.0000 1.2690 0.1109 9.0000 0.0172 1.9447 0.3125 
122.0000 1.2482 0.1337 12.0000 0.0154 2.4535 0.2189 
123.0000 1.2573 0.0355 7.0000 0.0113 2.0888 0.2290 
124.0000 1.2534 0.0576 5.0000 0.0101 3.0000 0.2648 
125.0000 1.2453 0.0714 8.0000 0.0119 2.4648 0.3239 
126.0000 1.2505 0.0542 8.0000 0.0129 2.1291 0.3424 
127.0000 1.2541 0.0954 9.0000 0.0155 2.4030 0.3233 
128.0000 1.2282 0.1565 11.0000 0.0199 2.8471 0.2951 
129.0000 1.2252 0.1057 10.0000 0.0157 3.0069 0.3214 
130.0000 1.2099 0.0501 7.0000 0.0111 2.6357 0.2686 
131.0000 1.2175 0.0588 8.0000 0.0155 2.5273 0.3218 
132.0000 1.1673 0.0413 5.0000 0.0129 1.5163 0.3230 
133.0000 1.1724 0.1892 13.0000 0.0219 1.9144 0.3011 
134.0000 1.1745 0.1945 16.0000 0.0177 2.7019 0.3208 
135.0000 1.1793 0.2136 15.0000 0.0227 2.7781 0.3055 
136.0000 1.1784 0.1759 15.0000 0.0175 4.9849 0.2899 
137.0000 1.1817 0.1509 12.0000 0.0188 2.3076 0.3351 
138.0000 1.1829 0.1788 11.0000 0.0255 2.5725 0.3255 
139.0000 1.1892 0.1741 15.0000 0.0166 2.4753 0.3136 
140.0000 1.1956 0.1913 11.0000 0.0230 2.6128 0.3132 
141.0000 1.1981 0.2039 13.0000 0.0243 2.7316 0.3136 
142.0000 1.2036 0.2065 12.0000 0.0253 2.8539 0.3164 
143.0000 1.2058 0.1062 9.0000 0.0175 3.0309 0.3217 
144.0000 1.2018 0.2107 13.0000 0.0255 2.8430 0.3156 
145.0000 1.2029 0.1885 11.0000 0.0219 2.7992 0.3091 
146.0000 1.2057 0.1844 13.0000 0.0192 2.5495 0.3167 
147.0000 1.2106 0.1529 11.0000 0.0197 2.6880 0.3271 
148.0000 1.2017 0.1491 11.0000 0.0207 2.9490 0.3236 
149.0000 1.2076 0.0927 8.0000 0.0200 3.0185 0.3335 
150.0000 1.2127 0.1307 10.0000 0.0178 3.2906 0.3241 
151.0000 1.2126 0.1918 12.0000 0.0273 3.0309 0.3220 
152.0000 1.2143 0.1570 12.0000 0.0206 3.3179 0.3440 
153.0000 1.2173 0.1568 13.0000 0.0187 2.9490 0.3147 
154.0000 1.2160 0.1257 10.0000 0.0181 2.8543 0.3230 
155.0000 1.1960 0.1590 12.0000 0.0173 2.7992 0.2977 
156.0000 1.1888 0.0685 8.0000 0.0149 2.4546 0.3213 
157.0000 1.1228 0.1094 10.0000 0.0136 2.0750 0.3284 
158.0000 1.0792 0.0902 9.0000 0.0155 2.0792 0.3083 
159.0000 1.0813 0.1565 12.0000 0.0202 2.8004 0.3077 
160.0000 1.0851 0.0694 7.0000 0.0178 3.2603 0.2890 
161.0000 1.0893 0.0622 9.0000 0.0091 3.0806 0.2588 
162.0000 1.0894 0.1808 12.0000 0.0245 2.5849 0.2696 
163.0000 1.0837 0.1011 10.0000 0.0140 2.4824 0.2971 
164.0000 1.0674 0.1500 11.0000 0.0170 2.6977 0.2819 
165.0000 1.0655 0.0730 9.0000 0.0110 2.5301 0.2934 
166.0000 1.0510 0.0858 9.0000 0.0144 3.0076 0.2981 
167.0000 1.0341 0.1296 11.0000 0.0170 3.1185 0.2613 
168.0000 1.0111 0.1720 17.0000 0.0184 2.8434 0.2635 
169.0000 1.0139 0.0702 9.0000 0.0109 2.9781 0.2504 
170.0000 1.0112 0.1249 10.0000 0.0182 2.6449 0.2504 
171.0000 1.0150 0.0759 9.0000 0.0116 3.0906 0.2066 
176.0000 1.0383 0.1485 18.0000 0.0256 2.4261 0.3438 
176.0000 1.0383 0.0893 17.0000 0.0120 2.4261 0.3438 
176.0000 1.0383 0.1190 19.0000 0.0119 2.4261 0.3438 
176.0000 1.0383 0.1953 19.0000 0.0283 2.4261 0.3438 
176.0000 1.0383 0.2523 13.0000 0.0326 2.4261 0.3438 
177.0000 1.0375 0.1559 14.0000 0.0155 2.8641 0.3056 
178.0000 1.0417 0.0834 9.0000 0.0159 2.9246 0.3193 
179.0000 1.0453 0.1405 10.0000 0.0200 2.9425 0.0965 
180.0000 1.0503 0.1826 12.0000 0.0253 3.1576 0.2712 
181.0000 1.0534 0.1576 11.0000 0.0240 2.9246 0.3047 
182.0000 1.0515 0.0175 4.0000 0.0046 2.6682 0.2958 
183.0000 1.0506 0.0168 5.0000 0.0068 2.5008 0.2968 
184.0000 1.0524 0.0694 8.0000 0.0166 2.7341 0.3319 