1.0000 1.2987 0.1137 10.0000 0.0163 2.3743 0.3026 
2.0000 0.8889 0.1648 11.0000 0.0247 2.2625 0.3500 
3.0000 0.7229 0.1121 9.0000 0.0167 2.3162 0.3334 
4.0000 0.8889 0.1172 10.0000 0.0144 2.1788 0.3190 
5.0000 0.8117 0.0518 8.0000 0.0142 2.0482 0.3402 
6.0000 0.8368 0.1361 11.0000 0.0245 2.0455 0.3437 
7.0000 0.9296 0.0436 5.0000 0.0082 1.8636 0.3359 
8.0000 1.0025 0.0758 9.0000 0.0124 1.9985 0.3516 
9.0000 1.0896 0.0784 9.0000 0.0125 2.0909 0.3664 
10.0000 1.1587 0.1239 10.0000 0.0168 1.9923 0.3459 
11.0000 1.2168 0.0789 8.0000 0.0141 1.9566 0.3650 
12.0000 1.2834 0.0804 10.0000 0.0127 2.0000 0.3422 
13.0000 1.0085 0.1127 10.0000 0.0154 2.1995 0.3192 
14.0000 1.0264 0.0908 9.0000 0.0140 2.1500 0.3170 
15.0000 1.0246 0.1244 10.0000 0.0182 2.2112 0.3196 
16.0000 0.9792 0.0956 10.0000 0.0138 2.2606 0.3304 
17.0000 1.0029 0.0832 8.0000 0.0164 2.2000 0.3351 
18.0000 1.0345 0.1050 10.0000 0.0151 1.7505 0.3183 
19.0000 0.9724 0.0793 8.0000 0.0161 2.3802 0.3428 
20.0000 0.9823 0.0499 7.0000 0.0162 2.1234 0.3436 
21.0000 0.9481 0.0618 8.0000 0.0134 1.9949 0.3048 
22.0000 0.9314 0.0119 4.0000 0.0054 2.0645 0.3376 
23.0000 0.9419 0.0897 8.0000 0.0162 1.9821 0.3740 
24.0000 0.9713 0.0916 8.0000 0.0177 2.1860 0.3641 
25.0000 0.9720 0.3172 70.0000 0.0343 2.4219 0.3939 
26.0000 0.9935 0.0775 6.0000 0.0190 2.4359 0.3869 
27.0000 0.9894 0.0483 5.0000 0.0189 1.9452 0.3809 
28.0000 0.9495 0.1363 10.0000 0.0181 2.2325 0.3308 
29.0000 0.9574 0.1417 11.0000 0.0188 2.4737 0.3293 
31.0000 0.9428 0.1343 10.0000 0.0189 2.0006 0.3210 
32.0000 0.9448 0.1373 11.0000 0.0199 2.1053 0.3088 
33.0000 0.9301 0.1268 11.0000 0.0143 1.9981 0.2929 
34.0000 0.9500 0.1156 10.0000 0.0179 2.2785 0.3210 
35.0000 0.9685 0.0917 9.0000 0.0142 2.2749 0.3057 
37.0000 0.9458 0.0923 9.0000 0.0157 2.1366 0.2941 
38.0000 0.9640 0.1022 11.0000 0.0136 1.9908 0.3064 
39.0000 0.9752 0.0827 9.0000 0.0133 2.0813 0.2927 
40.0000 0.9948 0.1194 12.0000 0.0138 1.9437 0.2853 
41.0000 0.9825 0.1444 11.0000 0.0198 2.0398 0.3013 
42.0000 0.9920 0.1011 9.0000 0.0150 2.3177 0.2991 
43.0000 0.9862 0.1407 11.0000 0.0199 2.0279 0.2965 
44.0000 0.9791 0.1104 10.0000 0.0169 2.0248 0.3229 
45.0000 0.9868 0.0400 5.0000 0.0171 2.4407 0.3302 
46.0000 0.9457 0.1734 12.0000 0.0215 2.4959 0.3286 
47.0000 0.9421 0.0837 8.0000 0.0168 2.5951 0.3286 
48.0000 0.8965 0.0826 8.0000 0.0175 2.4959 0.3453 
49.0000 0.8837 0.0957 9.0000 0.0137 2.6229 0.3077 
50.0000 0.8095 0.0274 5.0000 0.0117 2.2941 0.3422 
51.0000 0.8194 0.0653 8.0000 0.0156 2.2353 0.3447 
52.0000 0.8121 0.0849 9.0000 0.0146 2.4187 0.3502 
53.0000 0.8171 0.0624 9.0000 0.0110 2.2941 0.3364 
54.0000 0.8275 0.1414 11.0000 0.0194 2.4818 0.3170 
55.0000 0.8368 0.0576 8.0000 0.0103 2.1896 0.2624 
56.0000 0.8348 0.0189 4.0000 0.0085 1.8072 0.2913 
57.0000 0.8431 0.0763 9.0000 0.0132 1.9360 0.2912 
58.0000 0.8367 0.0525 8.0000 0.0131 2.0069 0.3073 
59.0000 0.8349 0.1015 9.0000 0.0167 1.8868 0.2997 
60.0000 0.8448 0.0752 9.0000 0.0132 1.9360 0.3001 
61.0000 0.8483 0.1026 10.0000 0.0159 1.8072 0.3080 
62.0000 0.8579 0.0235 4.0000 0.0036 1.9497 0.2865 
63.0000 0.8678 0.0660 8.0000 0.0141 1.9944 0.3013 
64.0000 0.8735 0.0899 9.0000 0.0140 2.0407 0.2881 
65.0000 0.8661 0.1371 11.0000 0.0190 1.9554 0.3284 
66.0000 0.8750 0.0751 9.0000 0.0122 2.0446 0.3020 
67.0000 0.8590 0.0255 4.0000 0.0021 2.4842 0.3221 
68.0000 0.8636 0.1408 11.0000 0.0184 2.0839 0.3279 
69.0000 0.8534 0.0949 9.0000 0.0137 2.1935 0.3264 
70.0000 0.8622 0.0863 9.0000 0.0151 2.2032 0.3224 
71.0000 0.8708 0.1389 11.0000 0.0180 2.2406 0.3441 
72.0000 0.8738 0.0542 8.0000 0.0091 2.2880 0.3069 
73.0000 0.8824 0.1358 11.0000 0.0193 2.0046 0.2994 
74.0000 0.8454 0.1003 9.0000 0.0175 2.4982 0.3304 
75.0000 0.8534 0.0871 9.0000 0.0143 2.2749 0.3208 
76.0000 0.8621 0.1478 11.0000 0.0212 2.4328 0.3199 
77.0000 0.8604 0.0732 8.0000 0.0182 2.1961 0.3322 
78.0000 0.8463 0.1569 11.0000 0.0219 2.3333 0.3334 
79.0000 0.8463 0.0975 9.0000 0.0169 2.0531 0.3438 
80.0000 0.8216 0.0556 8.0000 0.0118 2.5894 0.3338 
81.0000 0.7905 0.2033 11.0000 0.0339 1.6749 0.3003 
82.0000 0.7968 0.2051 11.0000 0.0242 2.4693 0.3337 
83.0000 0.8032 0.1281 10.0000 0.0183 2.9306 0.3291 
84.0000 0.8059 0.0726 6.0000 0.0175 2.8003 0.3342 
85.0000 0.8129 0.1271 11.0000 0.0170 2.7932 0.3408 
86.0000 0.8172 0.0269 4.0000 0.0047 2.4030 0.3065 
87.0000 0.8185 0.0773 9.0000 0.0142 2.3669 0.3348 
88.0000 0.8076 0.0947 9.0000 0.0147 2.0594 0.3174 
89.0000 0.8129 0.0822 8.0000 0.0163 2.3555 0.3108 
90.0000 0.7982 0.0829 9.0000 0.0133 2.1932 0.3162 
91.0000 0.8006 0.0970 9.0000 0.0175 2.4377 0.3163 
92.0000 0.7914 0.1755 12.0000 0.0236 2.4224 0.3143 
93.0000 0.7945 0.1663 12.0000 0.0207 2.5055 0.3207 
94.0000 0.8003 0.0493 7.0000 0.0161 2.1213 0.3146 
95.0000 0.8033 0.1154 10.0000 0.0154 2.5757 0.3181 
96.0000 0.8090 0.1436 10.0000 0.0221 2.3555 0.3221 
97.0000 0.8151 0.1067 10.0000 0.0125 2.2810 0.3361 
98.0000 0.8176 0.2027 13.0000 0.0242 2.1386 0.3111 
99.0000 0.8238 0.0948 9.0000 0.0180 2.3788 0.3389 
100.0000 0.8280 0.0354 6.0000 0.0145 2.6165 0.3225 
101.0000 0.8345 0.1572 11.0000 0.0228 2.4328 0.3234 
102.0000 0.8361 0.1612 11.0000 0.0205 2.5101 0.2819 
103.0000 0.8406 0.0583 7.0000 0.0140 2.6844 0.3249 
104.0000 0.8443 0.1188 11.0000 0.0151 3.0909 0.3085 
105.0000 0.8496 0.1159 10.0000 0.0156 2.6626 0.3134 
106.0000 0.8556 0.1222 9.0000 0.0185 2.3345 0.3210 
107.0000 0.8588 0.1610 10.0000 0.0234 2.6934 0.3251 
108.0000 0.8402 0.1332 10.0000 0.0209 2.6588 0.3054 
109.0000 0.8398 0.0617 7.0000 0.0172 2.4543 0.2897 
110.0000 0.8455 0.0742 8.0000 0.0175 2.2810 0.3111 
111.0000 0.8473 0.1646 12.0000 0.0197 2.8235 0.3154 
112.0000 0.8503 0.2084 12.0000 0.0346 2.9603 0.3251 
113.0000 0.8452 0.1063 10.0000 0.0165 2.6433 0.3476 
114.0000 0.8504 0.1278 10.0000 0.0168 2.9232 0.3571 
115.0000 0.8553 0.1647 11.0000 0.0230 2.4621 0.3435 
116.0000 0.8600 0.0917 8.0000 0.0187 2.8891 0.3484 
117.0000 0.8655 0.1266 11.0000 0.0167 2.8141 0.3381 
118.0000 0.8711 0.0434 7.0000 0.0131 2.3956 0.3307 
119.0000 0.8685 0.0916 8.0000 0.0164 2.5495 0.3299 
120.0000 0.8709 0.0287 4.0000 0.0019 2.4977 0.3342 
121.0000 0.8750 0.1333 10.0000 0.0192 2.7621 0.3425 
122.0000 0.8781 0.1175 11.0000 0.0161 2.8141 0.3141 
123.0000 0.8805 0.1176 10.0000 0.0168 2.6855 0.3260 
124.0000 0.8859 0.1650 11.0000 0.0214 2.7703 0.2995 
125.0000 0.8909 0.1344 11.0000 0.0165 3.3547 0.3313 
126.0000 0.8950 0.1205 10.0000 0.0171 3.9115 0.3002 
127.0000 0.8994 0.0543 5.0000 0.0087 3.0000 0.3477 
128.0000 0.8940 0.1893 12.0000 0.0256 3.0046 0.3380 
129.0000 0.8980 0.2051 14.0000 0.0233 3.0046 0.3285 
130.0000 0.9018 0.1362 9.0000 0.0246 3.1655 0.3376 
131.0000 0.9071 0.1616 11.0000 0.0221 2.6467 0.3380 
132.0000 0.9115 0.1588 12.0000 0.0202 2.7788 0.3157 
133.0000 0.9148 0.0678 8.0000 0.0138 2.8555 0.2939 
134.0000 0.9206 0.1913 13.0000 0.0265 3.1333 0.3422 
135.0000 0.9254 0.1168 10.0000 0.0158 2.7706 0.3327 
136.0000 0.9293 0.1477 11.0000 0.0207 3.0772 0.3196 
137.0000 0.9210 0.1982 13.0000 0.0222 2.8931 0.3149 
138.0000 0.9222 0.0815 9.0000 0.0130 2.4145 0.3238 
139.0000 0.9259 0.2150 13.0000 0.0235 2.8095 0.3058 
140.0000 0.9302 0.0542 6.0000 0.0143 2.5612 0.3084 
141.0000 0.9330 0.0935 9.0000 0.0133 2.7116 0.3263 
142.0000 0.9370 0.0568 8.0000 0.0136 2.6401 0.3072 
143.0000 0.9408 0.0970 9.0000 0.0150 2.8386 0.2965 
144.0000 0.9314 0.1271 11.0000 0.0173 2.6783 0.3201 
145.0000 0.9319 0.1515 10.0000 0.0217 2.6783 0.3134 
146.0000 0.9306 0.0910 9.0000 0.0137 2.6623 0.3208 
147.0000 0.9355 0.1385 10.0000 0.0192 2.7985 0.3208 
148.0000 0.9394 0.0278 4.0000 0.0061 3.0591 0.3229 
149.0000 0.9375 0.1466 11.0000 0.0197 2.7894 0.3256 
150.0000 0.9397 0.1728 12.0000 0.0199 3.1557 0.3139 
151.0000 0.9399 0.1248 10.0000 0.0168 3.4653 0.3194 
152.0000 0.9420 0.1732 12.0000 0.0241 3.4511 0.3159 
153.0000 0.9420 0.1051 9.0000 0.0169 3.0878 0.3061 
154.0000 0.9387 0.1170 10.0000 0.0163 3.0046 0.3160 
155.0000 0.9373 0.0911 9.0000 0.0164 3.5093 0.3434 
156.0000 0.9384 0.0711 8.0000 0.0124 2.9991 0.3498 
157.0000 0.9424 0.1633 11.0000 0.0205 3.1247 0.3319 
158.0000 0.9393 0.0174 4.0000 0.0054 2.8239 0.3356 
159.0000 0.9432 0.1125 10.0000 0.0154 1.5811 0.3341 
160.0000 0.9465 0.0893 9.0000 0.0150 1.3914 0.3490 
161.0000 0.9509 0.0868 9.0000 0.0147 0.9362 0.3437 
162.0000 0.9475 0.1063 9.0000 0.0167 2.6934 0.3306 
163.0000 0.9522 0.1442 11.0000 0.0194 2.5659 0.3263 
164.0000 0.9563 0.0934 10.0000 0.0140 2.5738 0.3310 
165.0000 0.9582 0.1038 9.0000 0.0160 2.7653 0.3182 
166.0000 0.9517 0.1365 10.0000 0.0189 2.8471 0.3213 
167.0000 0.9542 0.1644 10.0000 0.0224 2.9392 0.3292 
168.0000 0.9553 0.1325 10.0000 0.0199 2.8543 0.3226 
169.0000 0.9550 0.1923 13.0000 0.0266 3.1340 0.3289 
170.0000 0.9547 0.1679 12.0000 0.0219 2.2537 0.2977 
171.0000 0.9592 0.1722 12.0000 0.0211 2.7027 0.2915 
172.0000 0.9628 0.0864 9.0000 0.0176 2.3914 0.3311 